02390
02238
02074
01903
01725
01541
01361
01180
01006
00835
00677
00529
00393
00277
00177
00093
00032
00000
00000
00000
00000
00041
00106
00190
00293
00416
00551
00703
00864
01035
01209
01390
01574
01754
01932
02103
02264
02412
02551
02670
02777
02861
02929
02974
02999
03003
02980
02941
02880
02796
02696
02580
02445
02299
02138
01970
01793
01616
01432
01251
01074
00903
00738
00587
00445
00322
00212
00122
00054
00003
00000
00000
00000
00019
00077
00154
00251
00367
00496
00641
00799
00967
01141
01319
01503
01683
01861
02035
02203
02358
02499
02629
02738
02832
02906
02961
02993
03003
02993
02961
02906
02832
02738
02629
02499
02358
02203
02038
01864
01687
01503
01322
01141
00967
00803
00645
00499
00367
00254
00158
00077
00019
00000
00000
00000
00003
00051
00122
00212
00319
00445
00583
00735
00899
01070
01248
01429
01612
01793
01967
02138
02296
02445
02577
02696
02796
02880
02941
02983
03003
02999
02977
02932
02864
02777
02674
02551
02416
02264
02103
01935
01758
01577
01393
01212
01035
00867
00706
00554
00419
00296
00193
00106
00041
00000
00000
00000
00000
00032
00093
00174
00274
00393
00529
00674
00835
01003
01180
01361
01541
01722
01899
02074
02235
02387
02529
02654
02761
02851
02919
02967
02996
03003
02987
02951
02893
02816
02719
02603
02470
02325
02167
02003
01829
01648
01464
01283
01106
00932
00767
00612
00470
00341
00232
00138
00064
00012
00000
00000
00000
00012
00067
00138
00235
00345
00474
00616
00770
00935
01109
01287
01470
01651
01832
02006
02174
02329
02474
02603
02719
02816
02893
02951
02987
03003
02996
02967
02916
02848
02758
02648
02522
02383
02232
02067
01896
01719
01535
01354
01174
00999
00832
00670
00522
00390
00274
00170
00090
00029
00000
00000
00000
00000
00041
00109
00193
00299
00419
00558
00709
00870
01041
01219
01396
01580
01761
01938
02109
02267
02419
02554
02677
02780
02864
02932
02977
02999
02999
02980
02938
02877
02796
02693
0